Training set score: 0.950
Test set score: 0.877
              precision    recall  f1-score   support

           0       0.84      0.92      0.88       279
           1       0.89      0.92      0.90       314
           2       0.78      0.82      0.80       286
           3       0.79      0.90      0.84       299
           4       0.91      0.89      0.90       303
           5       0.88      0.86      0.87       299
           6       0.96      0.93      0.95       297
           7       0.95      0.84      0.89       311
           8       0.88      0.91      0.90       312
           9       0.91      0.78      0.84       297

    accuracy                           0.88      2997
   macro avg       0.88      0.88      0.88      2997
weighted avg       0.88      0.88      0.88      2997